line 0 - The next line is line 1 (f1)
9
0  0  0  0  1  1  1  0  1
0  0  0  0  0  0  1  0  0
0  0  0  0  0  0  0  1  0
0  0  0  0  0  0  0  1  0
1  0  0  0  0  1  0  0  1
1  0  0  0  1  0  0  0  1
1  1  0  0  0  0  0  0  0
0  0  1  1  0  0  0  0  0
1  0  0  0  1  1  0  0  0
line 11 - The next line is line 12 (f2)
6
   0    7    9   999   999    14  
   7    0   10    15   999   999  
   9   10    0    11   999     2  
999   15   11    0     6     999  
999  999 999   6     0       9  
  14  999   2   999   9       0 
line 19 - The next line is line 20 (f3)
7
0  1  0  0  0  1  0
1  0  1  1  1  0  0
0  1  0  1  0  0  0
0  1  1  0  2  0  0
0  1  0  2  0  0  1
1  0  0  0  0  0  1
0  0  0  0  1  1  0
END
