line 0 - The next line is line 1 (f1)
9
0  0  0  0  1  1  1  0  1
0  0  0  0  0  0  1  0  0
0  0  0  0  0  0  0  1  0
0  0  0  0  0  0  0  1  0
1  0  0  0  0  1  0  0  1
1  0  0  0  1  0  0  0  1
1  1  0  0  0  0  0  0  0
0  0  1  1  0  0  0  0  0
1  0  0  0  1  1  0  0  0
line 11 - The next line is line 12 (f2)
7
 0  10  99  99  99  99  99
99   0   2  10  25  80  99
30  99   0   8   3  20  99
20  99  99   0  99   5  10
99  99  99   4   0  99  99
 8  99  99  99  99   0   5
 8  99  99  99  99  99   0
END OF DATA
